11,44,83,203
58
1
217
94,203
1
1
84,203
217
1
1
217
236
217
1
237
203
1
1
84,203
1
1
1
94,203
1
1
1
203
84,203
217
1
1
58
203
1
217
1
1
94,203
1
105,203
217
1
94,203
1
1
94,203
1
217
1
1
107,228
1
94,203
203
217
1
1
84,203
105,203
94,203
1
1
203
58
1
237
238
44,217
1
236
217
1
1
94,203
1
1
1
1
1
217
58
1
1
217
58
1
1
58
217
217
94,203
1
36,212,219,221,240
1
1
58
203
203
84,203
1
217
94,203
1
1
58
1
1
1
58
1
1
105,203
1
217
1
1
94,203
1
1
217
94,104,228
105,203
203
1
105,203
217
1
84,203
203
203
1
217
1
1
203
237
217
84,203
1
58
1
94,203
84,203
1
1
94,203
1
11,111,203
217
1
1
203
1
11,83,217
94,203
217
217
1
1
1
203
58
84,203
203
203
203
217
1
1
1
1
1
217
217
203
1
217
1
84,88,228
217
105,203
58
1
94,203
217
203
84,203
203
1
1
1
1
203
1
94,104,228
1
203
105,203
1,193
203
217
105,203
1
1
1
203
1
1
217
203
1
58
84,203
1
217
84,203
217
1
203
203
217
217
105,203
203
217
94,203
217
1
217
1
1
1
1
58
88,94,228
94,203
1
203
237
217
58
217
238
236
84,203
203
1
237
84,203
58
203
94,107,228
1
1
94,203
94,203
217
1
1
1
58
1
217
203
84,203
217
217
94,203
58
217
1
1
1
1
1
94,203
203
1
1
1
217
1
94,203
1
1
217
1
203
1
217
1
1
236
1
1
238
1
238
1
1
94,203
1
105,203
1
203
203
1
1
217
105,203
1
1
1
1
1
1
236
203
237
203
1
217
1
217
1
1
1
1
58
1
1
1
1
217
1
236
1
1
237
203
1
58
94,203
1
1
84,203
1
237
203
58
1
1
1
105,203
1
1
105,203
84,203
203
1
203
217
1
94,203
88,105,228
1
105,203
1
1
203
217
1
1
94,203
1
1
217
105,203
1
105,203
84,203
217
217
1
84,203
11,111,217
1
1
94,203
1
11,83,84,203
88,228
1
1
203
217
1
1
1
217
203
1
217
1
1
217
1
1
1
1
1
105,203
1
105,203
217
217
203
203
203
1
1
1
58
1
1
1
1
1
217
236
58
1
1
217
94,203
203
84,203
1
217
1
1
94,104,228
1
1
238
236
94,203
1
1
1
1
58
88,228
1
1
203
1
1
217
217
1
1
1
105,203
6,217
1
217
94,203
94,203
1
1
1
11,83,84,203
94,203
94,203
1
217
1
94,203
1
237
1
1
1
11,83,105,203
217
58
1
1
217
203
1
94,203
1
217
1
94,203
1
58
94,203
58
84,203
94,203
58
58
1
203
1
217
1
203
217
1
217
217
203
203
203
203
1
1
217
85,228
1
238
1
236
1
217
236
203
1
84,203
1
203
217
105,203
94,203
217
1
217
236
237
1
84,203
203
217
94,203
203
1
217
1
238
84,203
1
87,228
105,203
217
1
1
217
94,203
1
203
1
94,203
85,228
1
1
1
1
1
1
58
1
1
203
203
217
1
1
217
1
236
84,203
1
105,203
238
1
1
58
1
217
94,203
238
1
105,203
1
217
1
1
1
217
217
217
58
1
1
203
217
88,94,228
1
105,203
1
1
1
1
1
1
1
84,107,228
1
217
217
1
217
1
1
94,203
84,88,228
84,203
94,203
1
1
217
1
1
94,107,228
203
1
88,94,228
217
203
236
203
1
1
1
58
107,228
217
88,94,228
1
203
84,203
1
1
236
238
1
1
58
1
217
217
1
203
58
94,203
217
1
1
1
84,203
105,203
1
1
85,228
1
58
1
1
1
1
1
217
1
11,94,111,203
1
237
1
84,104,228
217
1
217
58
58
1
237
217
84,203
58
1
1
203
238
1
217
1
1
1
203
203
217
84,203
1
1
1
203
105,203
84,203
217
105,203
1
1
84,203
217
1
1
84,203
203
1
236
217
1
1
1
58
1
1
1
1
1
105,203
58
236
217
1
203
203
1
1
1
105,199,203
203
1
203
217
1
237
1
236
1
84,203
217
1
1
217
1
1
203
1
1
23,217
1
1
105,203
1
1
105,203
1
1
1
1
217
1
94,203
1
1
1
87,228
203
1
1
1
105,203
94,203
1
1
217
1
1
11,35,83,105,203
1
1
217
94,203
1
1
1
1
203
94,203
84,203
84,203
203
217
1
84,203
105,203
217
1
105,203
217
236
217
87,228
1
1
58
1
84,203
23,217
1
1
1
203
217
203
105,203
88,105,228
1
1
217
1
203
1
203
85,228
84,203
1
1
236
94,203
217
217
94,203
1
1
1
84,203
1
1
1
84,203
1
1
237
1
217
84,203
1
1
84,203
1
1
237
1
58
1
1
105,203
217
58
203
105,203
1
1
1
217
203
94,203
84,203
1
94,203
1
84,203
84,203
237
1
217
94,203
1
1
238
1
236
1
217
105,203
1
105,203
217
84,107,228
1
217
1
105,203
217
84,203
105,203
94,203
203
217
1
1
203
217
1
217
1
217
1
1
217
203
237
1
1
1
203
203
203
217
105,203
1
1
84,203
1
1
84,203
236
217
203
1
1
23,94,203
217
49,105,203
203
1
1
36,212,219,221,240
217
58
1
1
217
203
1
1
84,203
203
1
1
1
94,203
84,203
1
58
84,203
84,203
217
58
58
58
1
36,212,219,221,240
1
1
1
80,203
217
1
1
1
217
1
94,203
217
105,203
1
203
203
58
1
1
1
1
1
1
1
1
217
1
94,203
1
1
1
58
1
94,203
94,203
1
217
203
1
1
1
1
1
203
1
1
1
58
